4769
63445 
67493 
78819 
74332 
72487 
78787 
59490 
58654 
73805 
4514 
42007 
46866 
17911 
31361 
58881 
10817 
35968 
14610 
57763 
9497 
61023 
10900 
65382 
51282 
32147 
27189 
60053 
54150 
4552 
72662 
2444 
33169 
23889 
34072 
17024 
48332 
13686 
46581 
61926 
39222 
30065 
42572 
35564 
4688 
32195 
12242 
29092 
5281 
60642 
45387 
38784 
18913 
5404 
15671 
4105 
48891 
40527 
46058 
65659 
53347 
39492 
76301 
65098 
16551 
36083 
73672 
26264 
22066 
889 
17351 
56970 
78579 
54965 
8338 
63943 
24588 
33828 
8109 
76533 
50685 
71966 
32154 
32323 
14082 
60872 
54801 
77866 
33935 
1990 
22576 
54589 
24648 
17344 
49642 
59942 
61887 
44640 
47329 
77385 
2207 
72882 
55364 
14251 
78939 
2915 
22905 
47191 
60411 
67002 
56091 
23556 
5567 
66941 
12917 
37667 
35366 
58693 
74084 
17339 
50486 
1858 
28732 
34486 
69560 
38401 
36485 
45725 
8973 
65852 
7154 
17074 
33397 
75006 
11990 
51951 
40353 
11158 
35377 
39602 
54524 
34235 
16408 
63825 
66424 
64928 
49603 
36519 
1685 
50202 
46671 
23359 
18698 
23059 
4171 
29283 
74453 
55356 
30199 
45663 
43569 
45085 
12375 
47068 
22577 
8478 
44029 
38554 
37619 
61510 
76290 
15443 
68589 
24533 
34581 
12147 
32797 
55372 
134 
5134 
65619 
23578 
76295 
44139 
14180 
65044 
51192 
51316 
5904 
43885 
62035 
62019 
12370 
32092 
24256 
36209 
17394 
76586 
8329 
20737 
28936 
53716 
78402 
1817 
38330 
9391 
4412 
3873 
48563 
595 
67932 
56698 
6471 
20998 
65708 
78775 
41514 
54751 
42746 
56529 
5353 
71939 
30559 
8168 
35279 
9301 
79541 
30069 
63143 
31808 
20139 
13016 
33508 
48799 
72387 
68699 
54075 
61207 
75143 
13075 
45493 
55971 
27426 
6541 
27475 
77341 
53721 
10992 
61144 
14929 
30159 
29680 
22557 
60434 
32836 
51645 
25666 
47895 
33724 
2873 
77998 
7635 
67981 
4972 
22456 
19481 
63214 
19188 
6969 
3875 
36386 
54737 
11728 
27238 
20928 
10937 
51398 
78170 
59277 
6503 
27380 
62023 
10443 
19498 
56726 
47457 
54130 
65753 
26297 
62751 
24279 
70952 
46373 
33003 
74011 
55609 
37890 
18027 
40804 
48082 
27255 
29340 
18425 
13594 
9518 
42021 
49893 
66843 
79502 
18447 
26716 
3029 
12953 
20995 
53318 
40309 
24771 
44207 
76565 
65960 
44528 
7215 
51208 
66551 
18982 
38460 
71627 
15120 
72454 
36201 
60692 
2111 
62843 
18322 
71048 
16047 
9527 
55075 
73453 
42692 
21033 
51052 
36803 
78613 
894 
11389 
60774 
31831 
24037 
36457 
20890 
5640 
76842 
54622 
73587 
12950 
58866 
1012 
74233 
17448 
71642 
24731 
76358 
3797 
33624 
12234 
1008 
30311 
2377 
79976 
56175 
66577 
62811 
30506 
60153 
22976 
63061 
69055 
38076 
64788 
72371 
48831 
12329 
63122 
56021 
58195 
39659 
13573 
47635 
29935 
44835 
21473 
37459 
49574 
56471 
47036 
57844 
23962 
73533 
79070 
71668 
51809 
28057 
31712 
79139 
27500 
60492 
46322 
19203 
76326 
10284 
68273 
47627 
41701 
38281 
33432 
48798 
12970 
35252 
5225 
68636 
69459 
67634 
28585 
1784 
15910 
14165 
52316 
44502 
73093 
45517 
75704 
43764 
3454 
34990 
69391 
17615 
71928 
37648 
19683 
56522 
42192 
30822 
10065 
18924 
19384 
46153 
48161 
76052 
16909 
62396 
38348 
38920 
24009 
36023 
54329 
12921 
31160 
29373 
68391 
9755 
71226 
62290 
8117 
7922 
37323 
51958 
69427 
64471 
12414 
35783 
13856 
68991 
29511 
69438 
74668 
29269 
64348 
62620 
69617 
43308 
60944 
48714 
17753 
32817 
68350 
27911 
78254 
68531 
35195 
60147 
65034 
30889 
68226 
63115 
43029 
78951 
39323 
42615 
47688 
48304 
78069 
16625 
5038 
49894 
73285 
70335 
49872 
8992 
49897 
24411 
37613 
11967 
6164 
55665 
23692 
66828 
14226 
23433 
1066 
27131 
52612 
2438 
16970 
31448 
70196 
11003 
55191 
30926 
31084 
6389 
55213 
60321 
15040 
70451 
7390 
5071 
1319 
22257 
29757 
2743 
50151 
69746 
16967 
43098 
36370 
72541 
66662 
38240 
60110 
47930 
5771 
53180 
33156 
27677 
42468 
51030 
28194 
4528 
54159 
50543 
41997 
31639 
23145 
53527 
34180 
13168 
17267 
50838 
76821 
59820 
29192 
48669 
53753 
45486 
22070 
28392 
28187 
26121 
78815 
56654 
65352 
10991 
29957 
61481 
39876 
57680 
47874 
73663 
51018 
41429 
49523 
3827 
48647 
12973 
11400 
41060 
48402 
23826 
68928 
23210 
45365 
19468 
1283 
43662 
3049 
25088 
49182 
63176 
62874 
27258 
34553 
56695 
57227 
71253 
15336 
33515 
38837 
43038 
61491 
3272 
74203 
5714 
62725 
1186 
72041 
24371 
65421 
22319 
8492 
56852 
24109 
26670 
73761 
271 
46681 
9677 
33861 
14718 
66621 
18046 
78293 
28534 
77224 
52098 
72772 
67155 
27514 
15344 
63807 
61507 
22593 
76708 
58481 
53622 
4445 
40195 
50934 
25535 
50722 
65564 
4136 
11966 
54734 
12815 
39865 
59454 
68997 
78458 
18346 
11465 
70269 
59673 
66394 
39841 
77968 
19499 
74440 
74778 
23945 
28020 
71420 
54947 
27606 
4576 
24547 
31437 
12479 
59471 
25279 
19019 
20066 
61558 
77469 
41786 
54691 
73275 
40541 
48151 
75171 
2227 
9868 
10310 
55666 
65937 
17839 
70586 
43644 
50058 
44062 
54522 
57772 
11402 
18937 
44875 
36928 
71549 
38903 
61697 
72407 
77147 
40272 
41669 
3795 
31622 
26097 
26383 
24806 
44999 
31676 
22671 
34544 
27168 
5650 
36757 
49769 
6446 
57453 
78295 
26659 
41835 
35447 
56330 
18838 
40997 
24063 
30279 
31669 
28533 
5061 
16130 
67706 
11838 
9662 
68191 
66596 
19459 
38248 
15637 
8584 
13984 
43805 
56892 
69563 
4920 
31970 
8045 
17863 
74391 
14686 
67492 
62371 
1144 
57802 
68106 
41556 
57508 
65397 
8445 
18714 
37400 
14773 
67217 
55512 
38109 
51258 
28664 
51620 
75780 
15963 
37563 
76877 
65697 
16806 
32097 
16118 
59772 
27942 
31949 
23131 
66033 
20005 
34706 
19269 
65046 
56253 
15519 
75120 
72151 
57998 
5208 
49161 
65537 
54959 
2228 
73059 
14711 
39794 
5747 
72832 
43738 
75190 
67708 
57993 
70906 
68096 
998 
7155 
61530 
25919 
48069 
5290 
49735 
56414 
23622 
58888 
25406 
12252 
68312 
22054 
5582 
12307 
77819 
54448 
67423 
13728 
38790 
5027 
29575 
71408 
1863 
20568 
63683 
37483 
55706 
48148 
21491 
70968 
40482 
10780 
54335 
43059 
50442 
68836 
5247 
75339 
53298 
49530 
70780 
59085 
76243 
60213 
19104 
71913 
2479 
12377 
42970 
64422 
73998 
2096 
66793 
9372 
15792 
58217 
1249 
25748 
28992 
60284 
15035 
37822 
60561 
37478 
73505 
50660 
73989 
19849 
44803 
21338 
12368 
50007 
67864 
14454 
79358 
14206 
76758 
8754 
12615 
30232 
11739 
18487 
50555 
55287 
52253 
66083 
64421 
45804 
9399 
78540 
78556 
67573 
5529 
28581 
28343 
8651 
72024 
32622 
1981 
7039 
71258 
59707 
47578 
62700 
75880 
45445 
67787 
34421 
22837 
57656 
31064 
20301 
26830 
23027 
33445 
12716 
49800 
79098 
1546 
53452 
52949 
9688 
23570 
77093 
79317 
33288 
12115 
62001 
9715 
71703 
44064 
45018 
29959 
30619 
9051 
29094 
15029 
42045 
12565 
49015 
57532 
69087 
64020 
46883 
20286 
76408 
77299 
56669 
38602 
70439 
8466 
25714 
54105 
57902 
69613 
5385 
34380 
36111 
37818 
58883 
1934 
6922 
38867 
24645 
75217 
3996 
22722 
32139 
67501 
79150 
49331 
73819 
2268 
50438 
72945 
50090 
8361 
33768 
16926 
25212 
39420 
34400 
30858 
66563 
9974 
38584 
68242 
64746 
25852 
68048 
63715 
14257 
46809 
72372 
24935 
39100 
23810 
6821 
8409 
48905 
41284 
48969 
51111 
42644 
77114 
35830 
63104 
33175 
29984 
71302 
35839 
40916 
43665 
69433 
34164 
21206 
13971 
50805 
7900 
3056 
434 
57181 
49108 
5285 
71760 
22184 
43757 
1913 
76955 
59541 
38850 
7607 
27798 
1434 
51812 
51774 
65933 
15374 
73732 
39619 
49245 
68510 
56887 
40480 
30478 
27922 
67909 
78008 
71914 
47966 
73290 
15438 
54447 
50624 
28550 
51686 
73430 
39098 
71354 
59351 
76657 
79621 
31102 
75377 
59136 
8756 
61630 
42564 
6923 
62632 
48286 
53849 
32350 
62399 
65383 
54374 
64605 
29535 
57692 
66365 
48821 
10891 
21038 
17343 
1101 
17091 
8816 
11046 
9814 
68002 
16610 
67328 
64388 
29748 
74822 
17547 
16525 
23479 
56531 
43951 
33711 
49324 
12554 
6110 
36949 
61989 
22802 
57379 
74197 
32984 
34830 
58722 
78854 
25743 
74172 
27825 
20468 
17519 
40087 
58205 
55768 
66202 
77700 
56423 
39525 
62730 
57503 
75680 
29671 
74326 
68654 
50216 
8491 
40869 
10369 
33482 
6619 
79659 
580 
19397 
63527 
75970 
9887 
22029 
18544 
25272 
22189 
8494 
16982 
44223 
49197 
25821 
77624 
59080 
78190 
56937 
49571 
15876 
48193 
64642 
21679 
66637 
60238 
28931 
21301 
19817 
73636 
49581 
9762 
6138 
23832 
7477 
38659 
47794 
2955 
8798 
12725 
665 
30549 
28193 
46978 
14354 
50902 
37168 
41977 
31525 
70627 
78399 
42992 
73160 
73731 
11906 
1850 
40268 
55467 
13603 
31765 
64658 
67972 
38053 
7686 
44413 
43516 
28346 
79123 
26774 
35261 
360 
17001 
72392 
5616 
39508 
48228 
23011 
53669 
68587 
601 
54222 
66310 
9567 
59424 
16707 
61123 
15331 
17522 
34511 
28242 
59479 
75315 
17920 
79439 
21356 
23105 
79701 
41246 
10301 
20500 
29924 
68559 
5848 
49767 
44440 
7083 
57146 
8612 
16897 
41861 
67764 
29788 
13055 
51896 
36239 
54090 
25771 
69703 
16243 
55954 
42790 
25756 
54814 
51891 
68650 
28452 
11983 
26626 
28307 
22681 
79483 
55947 
48965 
78658 
27684 
3301 
33756 
42783 
44750 
31444 
25325 
35815 
10641 
36429 
42942 
63519 
31036 
790 
43300 
1282 
51117 
5209 
8388 
44420 
30835 
52121 
17890 
36897 
3634 
36103 
14386 
66379 
62013 
42092 
18394 
40415 
50946 
64237 
24891 
17268 
15326 
42173 
36131 
38013 
8680 
54679 
61791 
50960 
12701 
6814 
47474 
63977 
62302 
20603 
53996 
25537 
60383 
42667 
1141 
42402 
56094 
46665 
19286 
17419 
73942 
57549 
9646 
339 
14303 
75627 
44584 
36210 
66002 
32425 
72261 
37528 
37209 
20381 
43013 
17829 
79103 
39752 
44708 
7475 
33354 
18971 
77596 
6202 
60604 
44178 
58838 
500 
68467 
7692 
74888 
60694 
76620 
25858 
20006 
24260 
50419 
17628 
9684 
70455 
59593 
39484 
22757 
62957 
70303 
44941 
71353 
50367 
31078 
61835 
29205 
2699 
11644 
1907 
4650 
11225 
6810 
60572 
39461 
37685 
39969 
48653 
24951 
53247 
21384 
61314 
70190 
48269 
73003 
55416 
25424 
43340 
61606 
2283 
4319 
2980 
7332 
2428 
75316 
11592 
51165 
48864 
17665 
61152 
77524 
13245 
33341 
79681 
42443 
52173 
76806 
33328 
78271 
44529 
24318 
73108 
72955 
15435 
77971 
13742 
47251 
55492 
73764 
11073 
35626 
26414 
74168 
54660 
20642 
70753 
37148 
11190 
48668 
1741 
59511 
32881 
69492 
66374 
52137 
48256 
11129 
17264 
69787 
27407 
39809 
233 
60357 
46121 
23808 
67853 
567 
4882 
63965 
77770 
23982 
51131 
39109 
67980 
48250 
11156 
68459 
50183 
34088 
68504 
9682 
72519 
20326 
7616 
43076 
72022 
32532 
25115 
48215 
20510 
49273 
62463 
29470 
58162 
37001 
68618 
471 
33339 
47491 
52620 
27346 
23269 
17172 
30105 
74345 
20714 
55853 
67726 
27262 
73086 
26962 
58905 
74710 
28238 
54781 
12169 
58284 
38450 
66373 
35299 
72747 
74211 
53291 
51952 
33913 
40933 
69246 
51860 
17052 
56959 
44096 
18961 
6226 
78274 
65412 
42503 
27941 
1476 
4512 
32466 
16122 
40820 
69416 
18872 
51871 
43466 
5121 
74765 
31818 
69406 
76779 
57404 
21786 
3903 
25247 
70556 
71982 
69051 
44458 
61751 
16678 
72075 
13261 
34761 
52481 
16798 
59561 
72080 
61143 
30104 
20204 
19081 
14096 
65803 
52916 
57238 
6608 
67395 
26426 
14590 
25848 
60614 
50817 
49566 
1495 
21379 
44576 
34051 
30860 
23148 
5067 
34811 
9699 
68386 
55898 
64273 
52176 
39194 
39896 
2939 
45867 
57806 
65129 
5362 
59016 
58918 
50488 
10403 
54601 
47345 
6057 
66167 
56949 
27060 
10232 
35157 
26945 
3319 
44577 
8154 
36015 
29093 
38586 
8529 
63630 
79631 
61451 
7971 
72504 
73040 
47969 
60653 
1622 
38601 
3958 
42706 
4392 
26868 
49991 
39766 
63613 
21513 
10727 
32715 
45871 
24072 
23994 
59636 
22380 
11868 
48347 
42249 
8111 
50484 
24487 
34906 
65506 
61418 
38275 
57642 
75920 
946 
68029 
70911 
4862 
44838 
72250 
65630 
34213 
51057 
43484 
30335 
17080 
12173 
76362 
8253 
3063 
67086 
30233 
21394 
67189 
23034 
32499 
28716 
74340 
13244 
49109 
7295 
45478 
14093 
63582 
53656 
24303 
11959 
53392 
18182 
39076 
45068 
32175 
5006 
55790 
12852 
52280 
56042 
4149 
31587 
37749 
40834 
63246 
14706 
64806 
76831 
78488 
27118 
67066 
40605 
14302 
63135 
12674 
6475 
40734 
56311 
38573 
77539 
19537 
41912 
72628 
72274 
39894 
43379 
56072 
27873 
67076 
42337 
69284 
700 
25837 
39587 
8624 
1047 
4820 
77781 
74198 
59211 
18379 
31416 
7069 
61933 
73797 
54354 
58769 
56724 
51538 
3658 
41655 
37527 
26832 
49799 
15607 
6316 
24023 
61822 
61684 
46146 
44916 
72194 
75728 
11551 
29899 
63132 
41587 
27362 
22943 
45053 
73239 
37848 
49992 
55282 
69030 
34456 
39643 
21205 
33635 
65882 
48754 
3935 
8413 
35663 
54091 
30630 
19505 
37678 
12331 
54568 
48168 
78720 
76961 
57116 
22537 
155 
20992 
24800 
53548 
48932 
60457 
5927 
15160 
55234 
292 
40095 
15253 
12607 
15748 
7850 
24193 
77885 
25262 
66207 
12397 
75962 
73485 
59241 
26705 
42157 
32052 
6645 
26093 
47592 
6259 
76284 
74060 
62088 
15958 
20056 
44497 
7265 
44761 
20429 
42203 
69463 
50455 
41471 
61 
38933 
60626 
26185 
14536 
31459 
44288 
77031 
63004 
74231 
61806 
41955 
56913 
30091 
43850 
58452 
14340 
40197 
46956 
28376 
64088 
33872 
51264 
7680 
21698 
9943 
79577 
25315 
2733 
14996 
30244 
32047 
67011 
36512 
32151 
33794 
13754 
11517 
65988 
21581 
25549 
15859 
62118 
54643 
5379 
18093 
66807 
66274 
9623 
44348 
50526 
74617 
14287 
55448 
50893 
37430 
42448 
47906 
69254 
38545 
20573 
23259 
9460 
9505 
61206 
15365 
55248 
49333 
62769 
28748 
34940 
32064 
41169 
57046 
17402 
74670 
76511 
9967 
9989 
5257 
53949 
65584 
57723 
37264 
15396 
79790 
28507 
41609 
59112 
78430 
54716 
26031 
22630 
25016 
66095 
66417 
32584 
45203 
43266 
45017 
61963 
50126 
50250 
64425 
7423 
32376 
36252 
197 
78690 
28825 
50000 
317 
70729 
51652 
45129 
25568 
46096 
13166 
62692 
58218 
42818 
10839 
18082 
38500 
587 
75036 
14900 
29980 
34027 
43383 
70025 
2072 
42208 
39369 
25082 
55885 
32387 
12332 
55063 
13292 
76839 
31812 
78449 
69478 
68514 
73678 
25254 
40942 
3953 
43274 
4867 
14631 
2862 
20565 
54848 
54442 
20203 
51617 
59379 
22003 
45023 
54286 
17287 
33149 
31396 
37441 
43945 
3711 
17084 
5272 
13923 
60177 
27744 
41101 
55218 
18795 
5171 
74525 
55422 
11820 
33944 
52 
56533 
70089 
58855 
6271 
36685 
30306 
69094 
27270 
20884 
63202 
1975 
20849 
65143 
22860 
63107 
1350 
50182 
959 
15989 
46283 
11001 
14728 
30325 
7226 
2645 
6968 
7510 
35585 
50645 
7736 
63457 
19979 
71312 
26628 
28458 
20581 
23712 
62817 
23514 
36940 
2829 
50566 
68827 
7403 
4042 
18600 
17589 
78783 
47566 
54996 
666 
8503 
12575 
22040 
13778 
39793 
63069 
2880 
36466 
60982 
10456 
54396 
68294 
34468 
76456 
2624 
28263 
73898 
11654 
28035 
30698 
33929 
20072 
13515 
56243 
55819 
48525 
13698 
6747 
60985 
47769 
27996 
30597 
69025 
54248 
32259 
46559 
39489 
35793 
16644 
48430 
1523 
4130 
19224 
62993 
73002 
25810 
60165 
41755 
64942 
39158 
20252 
25617 
9178 
59206 
21511 
63538 
30132 
6499 
10021 
62720 
64095 
3432 
73356 
26149 
27695 
61880 
77075 
55127 
79757 
28867 
72675 
66228 
26690 
22187 
20957 
74556 
14449 
38851 
60861 
60585 
58896 
79350 
27520 
22751 
9030 
26166 
40361 
7824 
22047 
42920 
14653 
78832 
51565 
67676 
34082 
17884 
61617 
9189 
45001 
43260 
71715 
47642 
52313 
62866 
24461 
53573 
4415 
57739 
7591 
68126 
32573 
43586 
6934 
21239 
25711 
74811 
33775 
65595 
60609 
32442 
8569 
39207 
43960 
19801 
49927 
52877 
54680 
39744 
23559 
77214 
45188 
62165 
39247 
11980 
48384 
56325 
37951 
22483 
33033 
38378 
2620 
1575 
48130 
38412 
30166 
42071 
76976 
6417 
17640 
31463 
33130 
62018 
25811 
61035 
44343 
65403 
10708 
15271 
77820 
51669 
75192 
67331 
67993 
10042 
17104 
51357 
72755 
30878 
61865 
60160 
70928 
62709 
49930 
28234 
78902 
58266 
25682 
2123 
9613 
65248 
78513 
63078 
37711 
29705 
64036 
34809 
32716 
27234 
4233 
31857 
33759 
59478 
14223 
61029 
29813 
45992 
34034 
13404 
19530 
51761 
42747 
78219 
69399 
41384 
13845 
6832 
42538 
42919 
44133 
24248 
40913 
15110 
46263 
75469 
37034 
22244 
79820 
24047 
41054 
18481 
65325 
53196 
69885 
10249 
43410 
12967 
25728 
4221 
30003 
4210 
67724 
3195 
53697 
808 
37917 
32667 
61821 
34903 
14430 
39635 
37807 
24060 
11241 
8952 
70992 
14757 
10857 
17931 
65258 
26219 
29923 
45284 
68417 
69354 
76908 
78100 
33355 
12122 
19259 
65644 
16819 
62973 
22484 
69264 
51734 
21558 
48597 
50292 
26875 
76369 
51153 
56599 
74094 
2572 
24550 
63040 
6254 
55683 
45460 
22145 
7712 
11367 
25572 
14993 
23225 
51656 
69044 
26293 
20111 
16428 
7190 
56279 
25927 
4012 
50052 
73528 
7520 
73880 
75457 
68722 
53869 
1632 
15069 
49731 
44374 
34162 
27438 
69415 
43180 
73616 
28221 
17570 
1235 
17275 
40973 
10212 
61159 
57438 
53744 
58826 
77851 
50206 
50911 
43085 
65970 
69735 
46264 
38061 
71657 
26986 
70030 
56073 
25592 
16886 
68405 
6933 
76564 
37222 
5619 
9793 
8634 
32557 
52972 
35210 
45962 
6039 
36211 
78637 
37580 
3494 
7401 
15545 
19120 
20790 
29728 
79812 
19115 
73431 
24631 
74646 
19638 
71297 
60850 
13626 
8408 
46614 
12961 
25341 
23267 
47468 
24428 
14804 
33407 
58199 
50384 
25558 
45301 
13451 
79750 
25349 
4275 
30944 
35414 
13133 
24693 
47619 
19208 
18812 
69754 
42643 
51138 
61026 
2794 
6847 
38893 
61008 
19520 
14876 
3629 
13904 
69016 
45025 
73483 
50640 
47608 
43947 
49310 
31830 
4724 
68668 
35621 
73896 
44437 
45402 
77860 
29420 
27747 
20236 
49212 
71407 
36368 
32931 
41361 
8613 
39142 
20838 
11520 
1573 
1436 
3933 
63096 
18891 
16210 
31662 
2277 
71097 
77300 
53178 
76170 
22265 
47985 
7522 
5871 
13294 
26922 
58656 
56116 
43451 
27430 
52355 
20937 
59936 
52342 
32891 
59733 
78974 
13522 
32896 
43391 
23828 
77532 
40598 
11349 
66643 
19939 
25790 
16600 
48358 
37123 
48004 
42695 
31800 
37864 
31803 
64825 
46648 
24508 
18680 
72556 
35505 
49953 
62174 
61556 
23998 
27940 
33986 
20369 
3293 
8600 
55067 
36163 
53424 
74325 
66957 
21975 
66097 
15689 
64903 
5453 
44859 
7593 
78841 
58068 
51065 
27739 
18860 
72432 
78846 
22907 
48797 
51674 
12503 
70133 
9903 
40719 
72508 
10961 
26337 
4228 
45673 
8895 
35596 
8981 
31911 
71167 
29311 
25435 
7183 
19822 
62430 
24027 
42991 
63216 
56267 
22563 
59346 
14099 
7209 
72573 
11500 
45005 
44277 
21114 
45924 
72547 
24121 
1112 
54761 
38622 
79021 
57728 
36987 
24964 
53485 
18617 
37896 
71263 
61552 
36816 
32461 
51194 
70430 
15054 
72738 
21968 
64576 
72285 
47851 
76901 
36295 
56515 
66290 
4345 
13973 
44662 
7534 
28887 
58435 
30795 
33045 
43280 
30856 
22022 
9102 
47162 
24512 
46007 
56836 
9238 
58543 
25487 
73238 
8422 
20127 
72998 
46599 
77256 
4374 
52453 
36048 
58934 
64234 
11124 
42855 
75960 
72693 
27794 
41274 
50901 
56995 
4538 
26699 
24728 
57740 
3762 
57679 
14960 
21934 
56831 
60174 
12632 
32178 
43897 
44993 
79525 
9263 
49102 
7724 
65119 
4132 
7530 
23594 
79007 
73157 
66800 
26898 
14649 
29482 
69527 
71931 
70489 
56081 
32859 
79422 
51134 
4523 
15385 
63399 
26353 
57006 
58243 
35692 
48326 
79255 
39387 
38543 
55989 
40047 
6732 
25842 
26606 
15240 
32248 
31002 
10979 
53158 
6142 
77511 
78580 
74500 
78173 
10282 
63057 
11010 
79220 
2599 
19906 
47359 
38402 
31981 
66744 
68667 
29433 
41098 
22011 
98 
66296 
15293 
44588 
72591 
51788 
74039 
23659 
57890 
51445 
52462 
41694 
32464 
75934 
48582 
22708 
71614 
4386 
2859 
78671 
13108 
74118 
33384 
69504 
34169 
39320 
60783 
50027 
23025 
64367 
39386 
69038 
55314 
7476 
28482 
62345 
55014 
16451 
55266 
32370 
26467 
29376 
58040 
53189 
47505 
10336 
17250 
63776 
74596 
75358 
34957 
76086 
52795 
14144 
10862 
9734 
64588 
72517 
55303 
61914 
28868 
50662 
7355 
56084 
11270 
4212 
65873 
72995 
43628 
74156 
27214 
35375 
3683 
59569 
29919 
51666 
76179 
36142 
21559 
9446 
63625 
25096 
26655 
5754 
63671 
7496 
20829 
71071 
13534 
3216 
39943 
32893 
13218 
24832 
31929 
27186 
68043 
59014 
2998 
34615 
5613 
50630 
24090 
61762 
20038 
7799 
62921 
49681 
73043 
70082 
66886 
7533 
3782 
78228 
20358 
58634 
65536 
32141 
34583 
79569 
46937 
79233 
20617 
60299 
46379 
27905 
60904 
69349 
64851 
5562 
48416 
60196 
67579 
13646 
41913 
59217 
9473 
59632 
19773 
67445 
27946 
25824 
77346 
5411 
24919 
27396 
45381 
3859 
33488 
76077 
79267 
3080 
44693 
57393 
5364 
12005 
63618 
19879 
9139 
45739 
71153 
24048 
66720 
25856 
60297 
47111 
74237 
20659 
50976 
59963 
32948 
66652 
77557 
77295 
15793 
68863 
73351 
38477 
16695 
60869 
313 
29717 
22730 
63685 
27385 
31412 
767 
34908 
45061 
28201 
33082 
67612 
29020 
15462 
42275 
3093 
12145 
78502 
3848 
4031 
15836 
32646 
76318 
54010 
23053 
19318 
18191 
6170 
8309 
26698 
7221 
26323 
24857 
32691 
44406 
32609 
74465 
63068 
30778 
17488 
35874 
25048 
46345 
73885 
2597 
61627 
20167 
7049 
8769 
42090 
59419 
33331 
16614 
47855 
29274 
27065 
70760 
19330 
46556 
912 
60897 
38343 
22604 
64875 
68034 
41473 
41884 
9877 
42481 
62267 
67021 
71010 
62352 
37789 
43874 
11858 
8958 
60344 
16952 
17600 
5667 
68025 
63704 
1192 
10472 
65627 
64878 
49339 
3233 
76531 
79773 
42274 
23271 
43473 
63919 
33849 
53151 
25726 
11202 
55742 
79697 
52917 
4352 
63198 
74848 
34173 
56348 
56962 
33662 
18207 
29261 
65842 
17883 
61631 
17992 
46765 
22450 
63348 
8178 
66585 
43457 
55305 
8660 
30383 
59294 
27108 
44781 
60244 
16025 
17690 
43480 
23662 
23674 
76759 
62802 
47917 
16925 
68233 
72924 
2103 
46419 
71024 
19443 
43606 
28686 
68332 
25517 
55974 
46954 
79585 
64676 
7723 
63327 
57401 
72913 
53975 
37476 
61549 
66826 
47893 
74307 
4588 
14068 
78049 
57976 
5523 
58503 
25844 
19682 
33602 
30720 
5251 
71733 
14438 
67206 
13053 
934 
34050 
59586 
76260 
11601 
2752 
64380 
40914 
51105 
24727 
66027 
43784 
16730 
10136 
22738 
16986 
19409 
23970 
59935 
31216 
48950 
63503 
50712 
63373 
30580 
281 
35952 
61542 
24812 
28396 
34803 
43617 
17728 
77800 
58539 
12189 
63968 
72706 
644 
54806 
58851 
64255 
13131 
23915 
49045 
38974 
59763 
34258 
13806 
48631 
64238 
50776 
61562 
38770 
10189 
19711 
78263 
46541 
8513 
18948 
75607 
7004 
17778 
37505 
25320 
54345 
26815 
8067 
51895 
60292 
48272 
72835 
38971 
73246 
63330 
15606 
19573 
5255 
21539 
70773 
32741 
44790 
57787 
71908 
57190 
11453 
73762 
22150 
23609 
61924 
25412 
41337 
42339 
6651 
15871 
40374 
65587 
76472 
20718 
78191 
42954 
15371 
53125 
49961 
18306 
48674 
53598 
2568 
33144 
45262 
27875 
58705 
29787 
45705 
10774 
25390 
27119 
36962 
13487 
69040 
16289 
31679 
41773 
12299 
9535 
68296 
57260 
6024 
55485 
6484 
26425 
47363 
3471 
15779 
53066 
2185 
10932 
50285 
57872 
54879 
34985 
24997 
52611 
79258 
55595 
71983 
29164 
42678 
62757 
66022 
43865 
58010 
33255 
34135 
33278 
7505 
5673 
32444 
12867 
69039 
75180 
13775 
20747 
13135 
2117 
59898 
36906 
26408 
58723 
30203 
36408 
13242 
73236 
50032 
7462 
41842 
33284 
32837 
6454 
15207 
69939 
17512 
21621 
73822 
47863 
57265 
73328 
30786 
29876 
13719 
24438 
40714 
47835 
11604 
48545 
1799 
42212 
19049 
40807 
24943 
29949 
50453 
8520 
32385 
2024 
24244 
72938 
50631 
18611 
21464 
7373 
57840 
47444 
99 
65833 
12281 
72188 
39147 
55530 
63798 
7551 
17596 
15329 
59906 
69681 
42556 
77594 
60288 
26252 
34201 
34768 
36688 
49935 
51310 
46206 
32539 
20300 
43254 
75410 
7967 
20498 
28405 
61099 
25029 
8284 
17032 
52685 
1294 
74870 
26275 
74920 
58531 
7613 
140 
74120 
980 
53738 
54509 
57065 
43043 
66943 
35452 
4828 
2535 
63840 
77028 
29612 
38467 
21541 
1580 
38392 
11507 
17423 
34881 
17166 
32233 
8833 
3775 
41011 
34418 
12110 
7670 
70504 
59096 
74248 
52083 
65661 
9918 
64769 
45759 
24183 
10093 
34999 
63425 
58099 
4243 
16582 
53346 
7791 
29012 
46689 
20872 
37720 
70772 
42241 
75458 
38605 
14955 
52145 
17738 
20956 
59243 
71053 
44934 
67731 
30833 
32024 
44723 
57920 
75193 
1912 
72380 
731 
10756 
4362 
73861 
6631 
7145 
52189 
11722 
54260 
53789 
42489 
11529 
37571 
38448 
53746 
2035 
60460 
46530 
66303 
59500 
8607 
28112 
2564 
12738 
3225 
79550 
4224 
54000 
24138 
25809 
65845 
4532 
53425 
24710 
73460 
43652 
74995 
8124 
42867 
45416 
24821 
48959 
30093 
10203 
56239 
30476 
36156 
2926 
43610 
1675 
48855 
76269 
19213 
68264 
41226 
22826 
78547 
79718 
74806 
34983 
49810 
3532 
30239 
21181 
42233 
31739 
76972 
43165 
43917 
60033 
13514 
57139 
50610 
12816 
2355 
62898 
33895 
79815 
56135 
57270 
27640 
12574 
22263 
1087 
37512 
47245 
69388 
1770 
16443 
57942 
74201 
64712 
51031 
18722 
14497 
4618 
3028 
41412 
54136 
34189 
66703 
41123 
21788 
47284 
37256 
15547 
23817 
7916 
47133 
13421 
78304 
61718 
62672 
58800 
16101 
17710 
75411 
54232 
49401 
44778 
73213 
59744 
6101 
45392 
55469 
40635 
78028 
31487 
18858 
38751 
40004 
60350 
64104 
30964 
23440 
48324 
47264 
13951 
55838 
68662 
8316 
26739 
64016 
53249 
9408 
15872 
76852 
29101 
11625 
47901 
7087 
14687 
14975 
59531 
77354 
21892 
55117 
40388 
59034 
12328 
31655 
37170 
63310 
77261 
50592 
36677 
17060 
35318 
29134 
52651 
42583 
1451 
31221 
35829 
19054 
76102 
7278 
9863 
12869 
71322 
6410 
63438 
4900 
479 
36039 
27114 
14768 
64862 
15534 
63620 
19428 
50944 
19584 
60753 
27030 
74970 
25180 
29395 
63754 
15889 
53932 
60306 
63255 
48387 
70235 
2547 
50136 
27009 
6281 
50235 
11404 
52542 
29751 
34916 
55673 
39697 
71968 
44884 
65374 
34786 
24499 
19244 
29962 
48083 
16617 
42595 
42441 
69012 
6349 
44581 
75154 
20165 
53677 
37824 
46600 
78792 
11171 
20398 
19586 
55471 
64323 
77253 
27449 
75905 
37809 
75830 
22889 
38852 
23189 
71155 
27669 
58438 
9809 
44365 
13779 
11214 
79943 
6635 
8335 
73104 
69295 
23452 
7831 
7968 
64376 
8649 
3088 
70691 
9264 
13654 
15384 
64372 
66470 
22478 
4244 
64397 
23794 
1403 
56930 
3243 
31602 
7097 
34758 
24107 
69567 
42375 
42628 
5741 
7917 
30174 
14147 
73778 
40994 
23940 
56018 
4166 
41867 
51364 
39826 
67036 
73010 
30042 
47465 
2799 
43568 
2224 
21406 
28807 
15921 
32254 
3358 
65578 
45674 
63592 
46352 
3955 
64402 
65231 
50930 
65895 
16404 
8713 
21135 
17329 
32068 
40266 
16883 
70609 
29630 
61660 
16440 
75205 
74032 
39644 
54057 
75978 
11024 
71580 
70895 
17683 
76550 
22468 
44453 
47476 
45809 
23167 
56854 
41029 
39170 
27853 
13815 
48234 
31710 
39843 
32273 
7033 
30211 
59637 
71170 
18126 
23213 
2102 
62867 
8689 
53104 
45778 
37050 
35788 
9039 
29537 
42848 
47466 
48988 
31691 
17619 
77473 
67957 
34976 
8186 
2639 
53428 
28917 
38552 
33483 
20412 
71525 
47008 
708 
72820 
71909 
66265 
44309 
23147 
230 
23921 
47819 
65198 
66418 
19564 
31677 
7432 
67536 
70461 
24086 
42080 
74169 
10589 
3091 
73138 
58734 
8536 
40194 
29210 
79782 
37985 
68174 
7074 
5157 
49703 
22743 
45152 
17881 
60387 
17659 
25483 
59582 
71744 
18645 
20582 
62941 
17447 
63116 
76889 
64366 
32449 
70759 
32262 
77805 
4320 
32314 
59845 
34935 
62310 
33114 
49583 
70709 
20266 
25721 
3513 
17736 
53629 
50510 
72962 
73547 
7932 
24436 
78894 
67467 
48181 
29191 
49696 
70853 
26009 
24673 
59374 
54343 
55497 
6461 
50316 
55569 
35990 
31832 
17963 
13790 
34644 
1182 
71611 
71807 
70264 
21813 
41268 
30591 
60024 
67738 
17007 
7733 
76506 
26639 
30931 
13097 
25528 
9830 
62172 
74571 
75328 
15307 
10729 
46360 
9561 
37005 
60923 
36612 
57403 
10469 
64014 
6270 
27682 
51300 
50938 
64693 
72123 
11401 
56463 
74207 
73849 
53918 
30032 
3921 
64635 
49555 
32460 
44448 
49887 
79093 
17123 
10169 
10631 
58910 
38337 
22333 
77169 
31503 
9284 
55839 
53987 
41978 
33308 
64848 
60049 
76867 
9519 
20173 
2070 
31346 
37328 
26400 
79825 
25648 
16358 
12235 
9245 
30887 
51126 
70218 
47140 
20706 
29067 
38865 
14617 
33343 
75921 
30791 
65349 
37035 
56265 
11063 
50980 
76488 
19109 
42410 
8583 
62683 
54613 
24272 
6156 
70215 
37394 
60776 
20931 
9351 
14884 
74700 
49014 
43084 
13729 
22020 
19856 
47373 
15571 
70588 
60885 
68992 
44464 
55889 
28086 
52882 
73900 
79111 
34033 
36186 
10073 
76662 
11227 
76007 
3148 
52153 
1069 
62391 
6434 
48919 
41023 
46311 
49695 
69258 
78592 
6435 
53421 
45661 
70167 
79601 
75945 
25444 
9306 
60044 
1670 
54620 
14818 
36411 
14598 
6521 
23060 
60368 
65021 
279 
39349 
7429 
20070 
35522 
24542 
73551 
44274 
27324 
21896 
2598 
21183 
66465 
44879 
54530 
52191 
62793 
34667 
63284 
1663 
68734 
46334 
8377 
45631 
58596 
39546 
68492 
15721 
51197 
33571 
4235 
9426 
59420 
73204 
61768 
26821 
63275 
39469 
5664 
72464 
68293 
48605 
1318 
1280 
8595 
60612 
36713 
50295 
75320 
71017 
25760 
71646 
27196 
15572 
53371 
20711 
53632 
48036 
18814 
79311 
34108 
79147 
41438 
18647 
70205 
6266 
24516 
79582 
35620 
41116 
22400 
9852 
70291 
75839 
50361 
23543 
31721 
72993 
54585 
15216 
46716 
59320 
818 
27458 
37271 
36452 
43428 
9957 
53653 
67083 
6371 
49518 
22579 
30034 
21151 
42631 
79362 
22644 
16378 
44027 
25426 
33882 
47875 
35538 
30842 
44570 
50261 
71569 
55113 
23049 
22611 
56494 
28977 
34686 
66110 
57488 
59729 
10934 
10477 
5825 
46062 
34586 
26061 
11076 
59171 
11395 
69861 
13196 
44837 
24565 
55349 
67922 
58523 
51893 
52493 
59836 
73469 
59205 
47663 
1849 
24707 
7595 
27252 
38574 
18781 
59907 
34767 
53236 
30682 
28561 
69279 
13394 
75807 
12286 
45717 
39818 
14179 
52474 
30175 
17477 
35646 
7319 
3136 
78988 
70738 
33208 
42282 
47320 
24285 
29764 
15880 
26850 
56782 
72952 
68063 
14905 
48094 
24736 
46867 
44331 
43482 
43621 
36518 
57182 
2872 
16083 
36110 
78607 
40715 
15717 
25421 
59480 
12633 
76733 
25885 
28437 
62056 
27569 
32689 
9368 
65746 
65190 
13616 
55002 
25828 
19625 
32440 
19565 
17707 
29815 
10292 
59356 
59035 
28938 
47255 
32153 
11925 
73950 
60412 
56944 
36460 
60847 
11620 
33953 
20081 
18089 
42733 
58777 
70288 
48911 
64528 
26261 
4106 
50627 
30328 
34424 
3353 
79018 
68144 
14150 
40246 
41931 
718 
10587 
9478 
77334 
32579 
68958 
2735 
44656 
54451 
64101 
38633 
8935 
3392 
38923 
52556 
43152 
48225 
54201 
46485 
14611 
50652 
41570 
52277 
49993 
63014 
21602 
4736 
37574 
4157 
20592 
64013 
70964 
17505 
18099 
62312 
48590 
44506 
21960 
25557 
30834 
57629 
25962 
5435 
11918 
79334 
19661 
14486 
23976 
62869 
73775 
72783 
59021 
43051 
9847 
42304 
69700 
32663 
27149 
39264 
11999 
41139 
17798 
60754 
17644 
78660 
65368 
47921 
53799 
16055 
33485 
59742 
47824 
6676 
16751 
21113 
60660 
35580 
74656 
11186 
16549 
23768 
1928 
11662 
13552 
71255 
63855 
73159 
49888 
30560 
25913 
2783 
70003 
73933 
19346 
35478 
32693 
54178 
73765 
45052 
68419 
5159 
38585 
78670 
67602 
560 
2763 
12016 
31507 
23138 
60311 
57696 
56337 
31026 
31781 
21632 
31553 
32928 
54155 
73524 
38991 
10025 
24496 
52257 
61830 
45854 
55099 
17731 
54470 
75115 
24658 
37558 
5915 
8796 
22388 
60211 
9510 
51931 
23980 
76637 
21099 
13974 
74875 
72443 
6329 
78105 
21928 
7774 
41788 
25187 
35141 
4262 
57660 
56415 
3445 
10251 
35719 
64823 
37823 
39920 
41056 
77534 
74898 
6571 
38520 
41679 
6546 
55182 
22686 
39856 
73543 
25052 
71654 
73189 
27545 
3612 
26552 
21902 
27446 
44143 
49235 
64371 
39102 
16385 
48623 
25462 
19252 
19937 
45154 
1778 
30107 
33028 
34677 
7360 
48239 
74801 
49550 
76934 
4247 
41713 
53997 
18482 
7906 
72812 
53195 
39326 
12444 
8786 
170 
48991 
22005 
22819 
46167 
16227 
2914 
73255 
6463 
35435 
18830 
57342 
60384 
37511 
51327 
40978 
47498 
17765 
64730 
57745 
48463 
79435 
61070 
68313 
36348 
45952 
67836 
67644 
76752 
17142 
65550 
50696 
46041 
58178 
20741 
69473 
72814 
57183 
65013 
7820 
52187 
58173 
16744 
47222 
12007 
26551 
76705 
59045 
68307 
59330 
53643 
44228 
33841 
13705 
79583 
49655 
9585 
34984 
50663 
75242 
60014 
66252 
27954 
35819 
36812 
10718 
2970 
13065 
69068 
6565 
28735 
16874 
38272 
26993 
18721 
12301 
64117 
18593 
1385 
67330 
31564 
13676 
76413 
60054 
69337 
58618 
31634 
58672 
60865 
62561 
19340 
41711 
26558 
48630 
65765 
25515 
4811 
1140 
75470 
50041 
20940 
10173 
73473 
33584 
51456 
4206 
78272 
32883 
22032 
56400 
62261 
36750 
63398 
38389 
79881 
15186 
71813 
2195 
16450 
30319 
75762 
65343 
2404 
59307 
8146 
29937 
3450 
16924 
63278 
68433 
72843 
66249 
64122 
20723 
20064 
63521 
71942 
53328 
77439 
45898 
29005 
26888 
411 
19391 
36229 
7079 
17932 
78409 
64194 
43474 
63120 
45942 
11774 
25739 
75881 
37665 
45009 
20963 
38324 
19465 
75086 
24011 
37180 
54393 
47853 
20282 
14217 
24253 
54279 
58311 
20920 
29272 
49899 
10054 
29438 
23205 
21305 
16843 
36706 
3614 
55510 
68488 
6063 
8248 
3130 
10931 
78678 
53803 
9424 
69898 
1543 
53133 
65680 
57753 
79272 
13980 
75555 
8861 
20656 
18732 
75664 
1810 
35354 
17236 
72438 
70044 
57897 
42006 
72953 
20914 
10773 
77591 
15153 
24652 
21480 
38956 
71436 
15055 
45757 
4337 
73986 
35276 
27185 
44655 
16900 
48319 
55488 
