715
258 
351 
357 
201 
121 
373 568 
189 
124 55 
318 402 
313 
956 236 
98 
46 116 
770 91 
922 
880 
668 699 
78 
286 
388 495 
216 
609 521 
272 
321 651 
259 856 
524 478 
383 327 
462 
469 805 
430 
333 
612 280 
788 200 
830 
846 572 
939 
562 438 
162 928 
83 
774 58 
825 916 
109 
820 
813 666 
808 363 
153 82 
182 711 
243 503 
277 
778 
332 
387 
138 344 
479 
12 487 
739 
920 130 
597 
740 910 
641 
760 345 
482 800 
936 
814 510 
997 
290 985 
973 263 
436 
413 898 
279 
145 
768 
44 84 
874 
424 330 
175 501 
752 461 
659 114 
972 
422 618 
127 
183 901 
785 
96 180 
367 
165 409 
631 700 
102 534 
320 
338 131 
168 686 
386 946 
299 
525 85 
975 
231 376 
889 
511 840 
401 52 
969 
108 392 
947 444 
103 
664 36 
984 198 
454 343 
169 476 
40 384 
859 
393 
571 94 
369 
953 535 
616 
75 
892 156 
27 670 
81 
450 
615 291 
991 173 
93 993 
714 967 
193 
994 
918 620 
394 861 
550 
99 837 
771 
560 
576 
229 
256 582 
930 26 
707 
858 751 
458 336 
996 459 
490 542 
89 
446 
924 
196 
538 
214 676 
352 
585 337 
202 
600 782 
507 
28 
97 980 
241 
712 
622 660 
90 
314 
894 385 
577 798 
604 
480 
951 
742 
533 
728 
925 
155 492 
758 517 
906 
48 
935 
147 871 
802 
833 419 
963 
847 891 
287 
372 709 
992 
356 
334 
506 
665 498 
481 252 
364 
61 796 
957 884 
784 
460 
35 
358 
365 518 
977 304 
937 475 
638 
325 
285 548 
67 355 
929 215 
566 418 
211 
736 
617 432 
881 115 
896 
19 
443 471 
705 171 
596 
567 
23 
960 717 
882 152 
663 
31 452 
703 838 
678 
747 
49 637 
806 580 
657 625 
64 95 
995 238 
792 
988 264 
362 
425 
698 129 
866 350 
662 943 
817 795 
551 
399 250 
208 
38 
735 853 
575 
970 
541 
226 447 
113 
516 
744 675 
605 
964 
849 
18 763 
37 873 
464 335 
281 
661 781 
262 408 
87 
223 961 
472 
261 
628 912 
477 
559 
831 
555 
22 
775 
441 
371 128 
417 624 
457 
267 
692 
765 53 
695 634 
339 720 
519 
235 
244 529 
759 157 
757 
745 
451 
630 876 
204 395 
755 
184 
565 
732 
283 
746 
353 257 
118 126 
726 673 
741 
611 
348 
439 
940 607 
70 
154 
483 
824 368 
716 6 
850 
681 80 
848 
381 
414 911 
416 
398 697 
166 
942 
228 
677 
435 
841 403 
265 
270 207 
723 
499 
227 206 
45 
794 271 
655 
255 
247 
671 
776 
536 
497 
818 359 
133 789 
982 437 
688 
715 269 
14 
43 
721 163 
101 322 
583 2 
933 
159 
370 
404 
810 54 
300 
484 331 
224 558 
151 199 
125 
72 952 
803 
579 932 
57 449 
249 523 
592 
978 
722 
619 769 
719 
440 
574 
544 494 
570 
553 897 
51 941 
134 10 
117 737 
150 797 
610 
177 
835 965 
273 689 
3 
428 496 
927 999 
594 
919 306 
713 
584 
412 
844 
823 
4 
588 
645 
149 
546 
119 915 
467 
815 
254 
710 573 
342 
360 
473 
639 
647 
561 
275 
586 88 
589 410 
729 
812 
288 185 
650 
110 
801 190 
648 
292 
693 
836 
225 
179 
195 68 
603 246 
754 
926 
319 
602 
25 
855 
380 
809 
921 
65 909 
987 
948 
346 
954 
312 
253 828 
274 
69 879 
545 633 
508 
539 
423 
756 
563 221 
923 
556 
513 137 
591 
832 512 
875 
293 
793 564 
7 
949 762 
731 382 
520 
867 
767 
260 
24 
761 
251 
636 632 
296 
938 
554 
888 
702 
683 191 
209 
777 
148 
411 
470 979 
105 750 
234 390 
59 543 
629 
887 
724 
140 
405 79 
100 
826 
493 
890 
899 
239 
60 
9 
644 
309 
829 
878 
852 
734 
123 643 
468 
160 872 
804 
903 552 
962 
598 30 
354 
32 834 
908 
950 
397 
623 
845 
396 
448 
289 434 
205 
76 144 
305 
77 
743 
146 587 
341 104 
488 
301 
914 
857 266 
522 753 
415 595 
217 
47 904 
667 
787 
691 
111 
20 445 
50 
375 608 
174 
704 
120 
400 
407 158 
297 590 
557 
509 
56 
684 958 
851 
907 
347 
893 
626 
491 
694 
526 
614 
295 86 
862 161 
391 
581 466 
328 
485 
13 
606 
230 
73 
931 
783 455 
233 
900 
749 15 
811 
420 
895 
311 
326 
502 
74 
807 
696 885 
653 701 
139 
11 
298 
62 
0 934 
192 
248 324 
945 578 
971 
827 
669 
974 599 
886 
708 
514 
222 
869 
530 
968 773 
276 
427 143 
864 
294 
842 
790 
690 
474 426 
315 
136 
17 
877 
532 
640 
821 
816 465 
389 
649 
232 
863 
642 
860 
21 
203 
627 
959 
421 
986 
540 
220 
976 
504 
329 
66 635 
181 
730 
672 
658 
955 
219 
278 
505 
63 
302 
141 
122 
187 
547 310 
944 
135 
39 
989 
685 307 
883 366 
284 
340 
500 
16 
106 
41 
433 
34 
361 
176 
780 
652 
5 
218 527 
379 
854 
725 
29 
674 868 
621 
656 
213 
870 
531 
687 
282 
303 
537 902 
738 
786 
374 
981 528 
822 
142 
839 
178 
515 
164 
8 71 
406 
210 
245 
680 
779 
772 
706 
349 
983 
966 
240 
268 
188 242 
679 
819 
791 
429 
990 172 
453 
799 
167 
613 
727 
463 
905 
107 
913 
486 
682 
170 
